s1e01--1: -0.0019, 0.0087, -0.1118
s1e02--2: -0.0042, 0.0130, -0.0901
s1e03--3: 0.0077, 0.0140, -0.1106
s1e04--4: 0.0054, -0.0012, -0.1103
s1e05--5: -0.0059, 0.0073, -0.1104
s1e06--6: 0.0033, 0.0007, -0.0961
s1e07--7: -0.0001, 0.0177, -0.1127
s1e08--8: -0.0103, 0.0073, -0.1267
s1e09--9: -0.0012, -0.0012, -0.1002
s1e10--10: 0.0044, 0.0021, -0.1042
s1e11--11: 0.0042, 0.0175, -0.1244
s1e12--12: -0.0014, 0.0038, -0.1075
s2e01--13: -0.0004, 0.0023, -0.1014
s2e02--14: 0.0102, 0.0145, -0.1021
s2e03--15: -0.0003, 0.0031, -0.0937
s2e04--16: 0.0092, 0.0147, -0.1208
s2e05--17: 0.0114, 0.0125, -0.1180
s2e06--18: 0.0066, -0.0021, -0.0998
s2e07--19: 0.0083, 0.0054, -0.1178
s2e08--20: 0.0043, 0.0036, -0.0984
s2e09--21: -0.0034, -0.0067, -0.1100
s2e10--22: -0.0077, -0.0061, -0.0838
s2e11--23: 0.0076, 0.0029, -0.1126
s2e12--24: 0.0048, -0.0081, -0.1174
s2e13--25: 0.0047, 0.0136, -0.1218
s2e14--26: -0.0013, 0.0139, -0.1063
s2e15--27: 0.0027, 0.0052, -0.0987
s2e16--28: 0.0100, -0.0043, -0.1142
s2e17--29: 0.0025, -0.0053, -0.1203
s2e18--30: 0.0019, -0.0231, -0.1067
s2e19--31: 0.0061, -0.0041, -0.0991
s2e20--32: 0.0067, 0.0032, -0.0957
s2e21--33: -0.0026, -0.0018, -0.0891
s2e22--34: -0.0008, -0.0008, -0.0870
s3e01--35: 0.0041, -0.0098, -0.0939
s3e02--36: 0.0097, 0.0004, -0.1031
s3e03--37: 0.0045, 0.0132, -0.1085
s3e04--38: 0.0028, -0.0032, -0.0960
s3e05--39: 0.0071, 0.0078, -0.1105
s3e06--40: 0.0084, -0.0020, -0.1031
s3e07--41: -0.0094, 0.0042, -0.0975
s3e08--42: 0.0028, -0.0057, -0.0888
s3e09--43: 0.0019, 0.0078, -0.0930
s3e10--44: 0.0038, 0.0111, -0.1268
s3e11--45: 0.0014, -0.0001, -0.1109
s3e12--46: 0.0037, -0.0097, -0.0940
s3e13--47: 0.0030, -0.0016, -0.0848
s3e14--48: -0.0094, 0.0084, -0.0851
s3e15--49: -0.0092, 0.0119, -0.1121
s3e16--50: 0.0006, -0.0055, -0.0781
s3e17--51: -0.0078, 0.0528, -0.1259
s3e18--52: -0.0019, 0.0177, -0.1040
s3e19--53: -0.0082, 0.0247, -0.1195
s3e20--54: 0.0059, 0.0284, -0.1184
s3e21--55: -0.0054, 0.0362, -0.1101
s3e22--56: -0.0091, 0.0021, -0.1059
s4e01--57: -0.0008, 0.0087, -0.1193
s4e02--58: 0.0038, -0.0045, -0.1172
s4e03--59: 0.0130, 0.0210, -0.1031
s4e04--60: 0.0048, 0.0039, -0.1010
s4e05--61: 0.0123, 0.0208, -0.1090
s4e06--62: -0.0008, 0.0190, -0.1157
s4e07--63: 0.0031, 0.0165, -0.0864
s4e08--64: -0.0036, 0.0304, -0.0981
s4e09--65: 0.0084, 0.0047, -0.1038
s4e10--66: -0.0015, -0.0153, -0.1064
s4e11--67: -0.0032, -0.0089, -0.0761
s4e12--68: 0.0025, -0.0007, -0.0930
s4e13--69: -0.0054, 0.0028, -0.0907
s4e14--70: -0.0041, -0.0055, -0.0902
s4e15--71: -0.0091, 0.0187, -0.1088
s4e16--72: -0.0138, 0.0265, -0.1142
s4e17--73: 0.0016, 0.0203, -0.0949
s4e18--74: 0.0137, 0.0074, -0.0869
s4e19--75: -0.0044, 0.0090, -0.0984
s4e20--76: -0.0042, -0.0017, -0.0978
s4e21--77: -0.0109, 0.0224, -0.0663
s4e22--78: 0.0042, -0.0074, -0.0937
s5e01--79: 0.0022, -0.0002, -0.0938
s5e02--80: 0.0107, 0.0096, -0.1213
s5e03--81: 0.0016, 0.0009, -0.0998
s5e04--82: 0.0021, -0.0016, -0.0950
s5e05--83: -0.0010, 0.0084, -0.1109
s5e06--84: 0.0075, -0.0016, -0.1000
s5e07--85: 0.0035, 0.0064, -0.0381
s5e08--86: 0.0050, 0.0069, -0.0970
s5e09--87: 0.0042, -0.0056, -0.1100
s5e10--88: 0.0062, 0.0100, -0.0885
s5e11--89: 0.0034, -0.0007, -0.0891
s5e12--90: -0.0019, 0.0317, -0.0980
s5e13--91: 0.0030, 0.0138, -0.1176
s5e14--92: 0.0085, -0.0064, -0.0860
s5e15--93: 0.0098, 0.0146, -0.1136
s5e16--94: 0.0010, -0.0220, -0.1196
s5e17--95: 0.0017, -0.0104, -0.1189
s5e18--96: 0.0051, 0.0019, -0.0676
s5e19--97: 0.0061, 0.0060, -0.1113
s5e20--98: -0.0050, 0.0023, -0.0806
s5e21--99: 0.0054, -0.0011, -0.1090
s5e22--100: 0.0036, 0.0090, -0.0703
s6e01--101: 0.0048, -0.0025, -0.0928
s6e02--102: 0.0004, -0.0159, -0.0464
s6e03--103: 0.0029, -0.0135, -0.1152
s6e04--104: 0.0024, 0.0062, -0.0892
s6e05--105: 0.0033, -0.0122, -0.0884
s6e06--106: 0.0181, 0.0075, -0.1075
s6e07--107: 0.0195, 0.0162, -0.1002
s6e08--108: 0.0088, -0.0087, -0.0720
s6e09--109: 0.0066, -0.0086, -0.0876
s6e10--110: 0.0094, -0.0171, -0.1037
s6e11--111: 0.0072, -0.0224, -0.1013
s6e12--112: 0.0069, -0.0023, -0.1132
s6e13--113: 0.0112, -0.0154, -0.0710
s6e14--114: 0.0082, -0.0055, -0.0895
s6e15--115: 0.0041, 0.0028, -0.0864
s6e16--116: 0.0113, 0.0023, -0.0990
s6e17--117: -0.0002, -0.0200, -0.0812
s6e18--118: 0.0098, -0.0053, -0.0971
s6e19--119: 0.0067, -0.0173, -0.0700
s6e20--120: 0.0039, -0.0077, -0.0819
s6e21--121: -0.0007, -0.0012, -0.0846
s6e22--122: 0.0035, -0.0075, -0.0832
s7e01--123: 0.0031, 0.0155, -0.1126
s7e02--124: -0.0007, -0.0028, -0.0926
s7e03--125: 0.0044, -0.0131, -0.1197
s7e04--126: 0.0033, 0.0010, -0.1071
s7e05--127: 0.0044, 0.0217, -0.1181
s7e06--128: 0.0100, 0.0194, -0.1326
s7e07--129: 0.0009, 0.0037, -0.1001
s7e08--130: 0.0042, 0.0026, -0.0956
s7e09--131: -0.0052, -0.0029, -0.0916
s7e10--132: -0.0066, -0.0048, -0.0979
s7e11--133: -0.0050, -0.0048, -0.0952
s7e12--134: 0.0005, 0.0159, -0.1025
s7e13--135: 0.0011, 0.0029, -0.1139
s7e14--136: -0.0008, 0.0157, -0.1068
s7e15--137: -0.0081, 0.0053, -0.0952
s7e16--138: -0.0003, 0.0144, -0.1024
s7e17--139: 0.0006, 0.0038, -0.0942
s7e18--140: -0.0038, 0.0270, -0.0995
s7e19--141: -0.0084, 0.0248, -0.1215
s7e20--142: -0.0048, 0.0120, -0.1112
s7e21--143: -0.0044, 0.0088, -0.0969
s7e22--144: -0.0040, 0.0126, -0.1073
