s1e01: 0.0075, 0.0403, -0.1220
s1e02: -0.0122, 0.0320, -0.1267
s1e03: 0.0107, 0.0846, -0.1450
s1e04: -0.0009, 0.0161, -0.0905
s1e05: -0.0062, 0.0320, -0.1418
s1e06: 0.0023, 0.0565, -0.1105
s1e07: 0.0028, 0.0411, -0.1357
s1e08: -0.0068, 0.0424, -0.1426
s1e09: -0.0024, 0.0347, -0.0956
s1e10: -0.0014, 0.0342, -0.1435
s1e11: 0.0053, 0.0362, -0.1330
s1e12: 0.0054, 0.0443, -0.1132
s2e01: -0.0006, 0.0359, -0.1155
s2e02: 0.0115, 0.0166, -0.1078
s2e03: -0.0033, 0.0384, -0.1399
s2e04: 0.0076, 0.0287, -0.1315
s2e05: 0.0069, 0.0330, -0.1335
s2e06: -0.0011, 0.0230, -0.1237
s2e07: 0.0064, 0.0379, -0.1201
s2e08: 0.0019, 0.0391, -0.0985
s2e09: -0.0134, 0.0209, -0.1221
s2e10: -0.0087, 0.0331, -0.0956
s2e11: 0.0051, 0.0491, -0.1266
s2e12: 0.0005, 0.0361, -0.1301
s2e13: -0.0106, 0.0576, -0.1590
s2e14: -0.0095, 0.0562, -0.1301
s2e15: -0.0029, 0.0223, -0.1136
s2e16: 0.0147, 0.0356, -0.1472
s2e17: -0.0140, 0.0271, -0.1507
s2e18: 0.0087, 0.0342, -0.1014
s2e19: 0.0036, 0.0280, -0.0844
s2e20: 0.0111, 0.0501, -0.1139
s2e21: -0.0004, 0.0587, -0.1122
s2e22: -0.0083, 0.0571, -0.1035
s3e01: 0.0115, 0.0375, -0.1349
s3e02: 0.0105, 0.0467, -0.1367
s3e03: 0.0017, 0.0575, -0.1358
s3e04: 0.0033, 0.0134, -0.1385
s3e05: 0.0059, 0.0646, -0.1435
s3e06: 0.0086, 0.0480, -0.1463
s3e07: -0.0048, 0.0501, -0.1135
s3e08: -0.0039, 0.0644, -0.1228
s3e09: 0.0031, 0.0560, -0.1259
s3e10: 0.0018, 0.0552, -0.1392
s3e11: -0.0062, 0.0230, -0.1440
s3e12: 0.0138, 0.0474, -0.1079
s3e13: -0.0066, 0.0393, -0.0755
s3e14: -0.0019, 0.0393, -0.1120
s3e15: -0.0083, 0.0400, -0.1232
s3e16: -0.0226, 0.0640, -0.1215
s3e17: -0.0057, 0.0496, -0.1386
s3e18: -0.0062, 0.0368, -0.1176
s3e19: -0.0059, 0.0572, -0.1422
s3e20: 0.0081, 0.0402, -0.1199
s3e21: 0.0021, 0.0512, -0.1026
s3e22: -0.0087, 0.0590, -0.1082
s4e01: 0.0019, 0.0402, -0.1399
s4e02: 0.0014, 0.0342, -0.1383
s4e03: 0.0032, 0.0184, -0.1331
s4e04: 0.0022, 0.0454, -0.1081
s4e05: 0.0269, 0.0249, -0.0764
s4e06: -0.0049, 0.0495, -0.1147
s4e07: 0.0199, 0.0380, -0.1145
s4e08: 0.0000, 0.0462, -0.1341
s4e09: 0.0083, 0.0545, -0.1258
s4e10: 0.0072, 0.0567, -0.1463
s4e11: -0.0064, 0.0234, -0.0849
s4e12: -0.0030, 0.0431, -0.1069
s4e13: -0.0119, 0.0421, -0.1183
s4e14: -0.0017, 0.0287, -0.0936
s4e15: -0.0087, 0.0445, -0.1160
s4e16: -0.0148, 0.0942, -0.1674
s4e17: -0.0035, 0.0510, -0.1185
s4e18: -0.0039, -0.0027, -0.0978
s4e19: -0.0077, 0.0670, -0.1064
s4e20: -0.0060, 0.0179, -0.0965
s4e21: -0.0135, 0.0520, -0.1144
s4e22: -0.0045, 0.0376, -0.1346
s5e01: -0.0024, 0.0383, -0.1214
s5e02: -0.0023, 0.0384, -0.1362
s5e03: -0.0045, 0.0211, -0.0466
s5e04: -0.0033, 0.0391, -0.0971
s5e05: 0.0068, 0.0356, -0.1427
s5e06: 0.0064, 0.0557, -0.1369
s5e07: -0.0089, 0.0649, -0.0669
s5e08: -0.0047, 0.0465, -0.1313
s5e09: -0.0076, 0.0282, -0.1589
s5e10: -0.0016, 0.0500, -0.1432
s5e11: -0.0006, 0.0442, -0.1333
s5e12: -0.0078, 0.0698, -0.1299
s5e13: 0.0062, 0.0667, -0.1449
s5e14: -0.0020, 0.0192, -0.0941
s5e15: 0.0093, 0.0571, -0.1353
s5e16: -0.0034, 0.0315, -0.1508
s5e17: -0.0040, 0.0361, -0.1783
s5e18: -0.0095, 0.0478, -0.1124
s5e19: -0.0011, 0.0380, -0.1662
s5e20: -0.0118, 0.0294, -0.1132
s5e21: 0.0127, 0.0584, -0.1359
s5e22: -0.0096, 0.0678, -0.1278
s6e01: None, None, None
s6e02: None, None, None
s6e03: -0.0120, 0.0087, -0.1188
s6e04: 0.0015, 0.0156, -0.1335
s6e05: 0.0087, 0.0315, -0.1192
s6e06: 0.0180, 0.0555, -0.1348
s6e07: 0.0168, 0.0525, -0.0910
s6e08: 0.0137, 0.0332, -0.1061
s6e09: 0.0104, 0.0135, -0.0957
s6e10: 0.0024, 0.0404, -0.1230
s6e11: 0.0017, 0.0254, -0.1349
s6e12: 0.0030, 0.0439, -0.1359
s6e13: 0.0059, 0.0188, -0.1072
s6e14: -0.0001, 0.0362, -0.1528
s6e15: 0.0105, 0.0336, -0.1257
s6e16: -0.0061, 0.0477, -0.1212
s6e17: -0.0027, 0.0228, -0.1270
s6e18: 0.0138, 0.0379, -0.1066
s6e19: 0.0032, 0.0184, -0.0994
s6e20: 0.0032, 0.0585, -0.1266
s6e21: 0.0004, 0.0440, -0.0902
s6e22: 0.0012, 0.0426, -0.1530
s7e01: -0.0041, 0.0304, -0.1164
s7e02: 0.0074, 0.0262, -0.1109
s7e03: -0.0011, 0.0138, -0.1175
s7e04: 0.0041, 0.0308, -0.0995
s7e05: -0.0018, 0.0591, -0.1000
s7e06: 0.0025, 0.0382, -0.1354
s7e07: -0.0060, 0.0505, -0.0841
s7e08: 0.0000, 0.0274, -0.0945
s7e09: -0.0044, 0.0398, -0.1024
s7e10: -0.0158, 0.0275, -0.1130
s7e11: -0.0009, 0.0204, -0.0924
s7e12: 0.0021, 0.0547, -0.0980
s7e13: -0.0103, 0.0391, -0.1267
s7e14: -0.0092, 0.0575, -0.1024
s7e15: -0.0131, 0.0527, -0.1004
s7e16: 0.0019, 0.0359, -0.1058
s7e17: -0.0146, 0.0486, -0.1078
s7e18: -0.0058, 0.0528, -0.1118
s7e19: 0.0036, 0.0657, -0.1347
s7e20: -0.0107, 0.0021, -0.1286
s7e21: -0.0079, 0.0640, -0.1089
s7e22: -0.0087, 0.0450, -0.1174
