s1e01: -0.01151293, 0.05444682, -0.17603103
s1e02: -0.00844292, 0.03649374, -0.05177078
s1e03: 0.00434557, 0.02748084, -0.11768153
s1e04: 0.00452408, 0.06599395, -0.13703897
s1e05: -0.00007213, 0.03881931, -0.12402424
s1e06: 0.00178690, 0.01070684, -0.11069780
s1e07: -0.00870163, 0.05447063, -0.12875870
s1e08: 0.01178194, 0.05382607, -0.16893053
s1e09: -0.00588697, 0.03338000, -0.09602974
s1e10: 0.01287861, 0.01331950, -0.06475517
s1e11: -0.00035529, 0.06129133, -0.10954121
s1e12: -0.00594820, 0.04975494, -0.16305787
s2e01: 0.00297664, 0.03153525, -0.12179585
s2e02: 0.00626062, 0.02432980, -0.12458436
s2e03: -0.01363394, 0.00354336, -0.11785074
s2e04: 0.00733927, 0.04445185, -0.12596575
s2e05: 0.02497265, 0.02969745, -0.12931270
s2e06: 0.00067289, 0.03795326, -0.12886941
s2e07: 0.00693015, 0.02147496, -0.15907084
s2e08: 0.01498940, 0.05865250, -0.10351795
s2e09: 0.01240860, -0.00183596, -0.10034260
s2e10: -0.04023435, 0.05287182, -0.12239416
s2e11: 0.01426091, 0.05630498, -0.12171634
s2e12: -0.00687367, 0.04513713, -0.13987892
s2e13: 0.02487333, 0.08495915, -0.16120349
s2e14: -0.02431424, 0.06207036, -0.12533433
s2e15: 0.00101377, 0.04068942, -0.13286540
s2e16: 0.00613257, 0.07528828, -0.14253592
s2e17: -0.01517265, 0.07287289, -0.15424421
s2e18: 0.00888139, 0.02131646, -0.09541943
s2e19: 0.00164498, 0.03311778, -0.10715164
s2e20: -0.00383425, 0.04406919, -0.10787723
s2e21: -0.01023848, 0.02961490, -0.09399073
s2e22: -0.01771107, 0.08029843, -0.15020712
s3e01: 0.00770904, 0.09710028, -0.12607039
s3e02: 0.02207010, 0.03188334, -0.11481721
s3e03: -0.00022786, 0.01830818, -0.13971237
s3e04: -0.00601361, 0.02438527, -0.09168260
s3e05: 0.01508315, 0.06496190, -0.13180682
s3e06: 0.01533404, 0.04375541, -0.11766754
s3e07: -0.01491999, 0.05623794, -0.14766999
s3e08: 0.00316520, 0.02362228, -0.09875686
s3e09: 0.02131862, 0.03233843, -0.11940150
s3e10: 0.00371714, 0.06651839, -0.16873568
s3e11: 0.00435768, 0.06618404, -0.14183467
s3e12: 0.00452961, 0.03463047, -0.09116221
s3e13: 0.00433842, -0.00431601, -0.08963242
s3e14: 0.00420822, 0.03995207, -0.13277524
s3e15: -0.01229775, 0.03595101, -0.07814549
s3e16: 0.00771513, 0.03515298, -0.10104291
s3e17: -0.02314128, 0.04719287, -0.14858197
s3e18: 0.00107494, 0.07462401, -0.12444576
s3e19: -0.00808129, 0.04512696, -0.11381084
s3e20: 0.01506394, 0.02029687, -0.09502548
s3e21: 0.00016274, 0.03881901, -0.08044662
s3e22: -0.01307631, 0.06097479, -0.11291291
s4e01: -0.00237710, 0.07301848, -0.14537998
s4e02: -0.00229637, 0.03045498, -0.11858457
s4e03: 0.02499748, 0.04030853, -0.14384991
s4e04: -0.00473892, 0.03031309, -0.11136637
s4e05: 0.00891431, 0.05668766, -0.14209391
s4e06: 0.00046891, 0.04393404, -0.12766101
s4e07: 0.02489875, 0.02698413, -0.10634586
s4e08: -0.00270717, 0.04073844, -0.09855859
s4e09: 0.00479969, 0.02512059, -0.10653460
s4e10: -0.00435721, 0.01189326, -0.12958777
s4e11: -0.00925217, 0.01062481, -0.09371185
s4e12: -0.00746212, 0.03017070, -0.12820033
s4e13: 0.00367948, 0.03761911, -0.12684227
s4e14: 0.00325024, 0.00591815, -0.10062222
s4e15: -0.01041826, 0.05352701, -0.07169452
s4e16: -0.00384690, 0.07524390, -0.15071999
s4e17: -0.01488991, 0.03758504, -0.10994806
s4e18: 0.02118277, 0.05692717, -0.11452031
s4e19: -0.00457324, 0.05120155, -0.14277325
s4e20: 0.00245738, 0.02075123, -0.13889227
s4e21: -0.00841582, 0.06230520, -0.09383165
s4e22: -0.01041995, 0.06023721, -0.12886761
s5e01: -0.00345388, 0.05663810, -0.14449923
s5e02: -0.00009835, 0.06782215, -0.13512597
s5e03: 0.00672837, 0.01225838, -0.12695929
s5e04: -0.00885613, 0.03454091, -0.11089137
s5e05: 0.00916586, 0.01007477, -0.13042982
s5e06: 0.01111484, 0.05947408, -0.12694063
s5e07: None, None, None
s5e08: -0.01149870, 0.02962203, -0.08773367
s5e09: 0.00492312, 0.03125233, -0.10470012
s5e10: 0.00110480, -0.02421520, -0.12836008
s5e11: 0.00567148, 0.01816540, -0.09687151
s5e12: 0.00607768, 0.06045128, -0.12587827
s5e13: 0.01860182, 0.03502062, -0.13802227
s5e14: 0.00326353, 0.01835769, -0.11784532
s5e15: -0.00001378, 0.04925743, -0.15280547
s5e16: 0.00480607, 0.00358157, -0.14771945
s5e17: 0.00651234, 0.03162447, -0.16657716
s5e18: -0.00568279, 0.03044316, -0.12994191
s5e19: 0.00298178, 0.05342863, -0.13987096
s5e20: 0.01726824, 0.04402109, -0.10262536
s5e21: -0.01253442, 0.04779399, -0.13866700
s5e22: -0.00597292, 0.06547836, -0.13552786
s6e01: -0.00597035, 0.03920671, -0.12662467
s6e02: 0.00199409, -0.03147751, -0.05098445
s6e03: -0.01358714, 0.03253130, -0.13577406
s6e04: 0.00712650, 0.08248422, -0.10049583
s6e05: 0.00296031, 0.04430843, -0.15904993
s6e06: 0.01902986, 0.01403744, -0.12177383
s6e07: 0.01091508, 0.05141319, -0.10985979
s6e08: 0.00936225, -0.00230726, -0.10161409
s6e09: 0.01465799, 0.01359285, -0.13270078
s6e10: 0.01485455, 0.03144133, -0.13635026
s6e11: 0.01194504, 0.00812880, -0.10911997
s6e12: 0.00293175, 0.00860411, -0.13121637
s6e13: -0.00300120, 0.03144859, -0.13852672
s6e14: 0.00175329, 0.04757926, -0.15074735
s6e15: 0.01415474, 0.03400276, -0.10836984
s6e16: 0.00320900, 0.01937513, -0.11788988
s6e17: 0.00426463, 0.03479597, -0.12605896
s6e18: 0.01348177, 0.04745064, -0.15349136
s6e19: -0.00442293, 0.03890402, -0.11643756
s6e20: -0.00421437, 0.01700686, -0.06023320
s6e21: 0.00369569, 0.05354723, -0.10340776
s6e22: 0.00912746, 0.02612427, -0.06191506
s7e01: -0.02249054, 0.09576609, -0.10692291
s7e02: -0.01791648, 0.03893540, -0.10166588
s7e03: 0.01076419, 0.04384009, -0.10919609
s7e04: -0.00566851, 0.02667982, -0.10862131
s7e05: 0.00682891, 0.03625729, -0.15999401
s7e06: -0.00219783, 0.07669858, -0.13623025
s7e07: -0.00470260, 0.01763539, -0.07203712
s7e08: -0.00901937, 0.04165667, -0.10520535
s7e09: -0.01028884, 0.03248649, -0.06954023
s7e10: 0.01495673, 0.02775298, -0.11115224
s7e11: 0.00546848, 0.03052594, -0.11718846
s7e12: 0.00530812, 0.12250123, -0.14028445
s7e13: -0.00613199, 0.02742235, -0.11159105
s7e14: -0.00988005, 0.03798135, -0.11296145
s7e15: 0.00931179, 0.09254698, -0.13309341
s7e16: -0.01572694, 0.04573237, -0.10449535
s7e17: 0.02779703, 0.02902969, -0.14506972
s7e18: -0.02261516, 0.03455998, -0.13714802
s7e19: -0.00016460, 0.04681445, -0.10151466
s7e20: -0.00153665, 0.02584436, -0.11241703
s7e21: -0.03350475, 0.01397802, -0.08912139
s7e22: -0.00153846, 0.09707941, -0.11405761
