s1e01--1: -0.0135, 0.0371, -0.1256
s1e02--2: 0.0027, 0.0324, -0.1206
s1e03--3: 0.0012, 0.0249, -0.1196
s1e04--4: 0.0156, 0.0295, -0.1430
s1e05--5: -0.0101, 0.0418, -0.1642
s1e06--6: 0.0122, 0.0249, -0.0922
s1e07--7: 0.0226, 0.0366, -0.0965
s1e08--8: 0.0032, 0.0422, -0.1299
s1e09--9: 0.0038, 0.0286, -0.1257
s1e10--10: 0.0216, 0.0299, -0.1183
s1e11--11: -0.0007, 0.0594, -0.1484
s1e12--12: 0.0135, 0.0341, -0.1282
s2e01--13: 0.0051, 0.0232, -0.1081
s2e02--14: -0.0010, 0.0487, -0.1054
s2e03--15: 0.0011, 0.0621, -0.1361
s2e04--16: 0.0132, 0.0457, -0.1449
s2e05--17: 0.0207, 0.0267, -0.0894
s2e06--18: 0.0064, 0.0470, -0.1044
s2e07--19: 0.0197, 0.0219, -0.1089
s2e08--20: 0.0076, 0.0120, -0.1105
s2e09--21: 0.0021, 0.0572, -0.1306
s2e10--22: -0.0070, 0.0333, -0.1049
s2e11--23: -0.0012, 0.0387, -0.1141
s2e12--24: 0.0006, 0.0152, -0.1229
s2e13--25: 0.0118, 0.0665, -0.1255
s2e14--26: 0.0039, 0.0334, -0.1452
s2e15--27: -0.0071, 0.0391, -0.1055
s2e16--28: 0.0160, 0.0404, -0.1278
s2e17--29: 0.0067, 0.0442, -0.1021
s2e18--30: 0.0059, 0.0198, -0.1105
s2e19--31: -0.0044, 0.0473, -0.1185
s2e20--32: 0.0046, 0.0050, -0.1130
s2e21--33: -0.0160, 0.0198, -0.0995
s2e22--34: 0.0043, 0.0555, -0.1486
s3e01--35: 0.0175, 0.0247, -0.1040
s3e02--36: 0.0168, 0.0164, -0.0721
s3e03--37: -0.0038, 0.0651, -0.0989
s3e04--38: 0.0070, 0.0136, -0.1273
s3e05--39: -0.0103, 0.0562, -0.1468
s3e06--40: 0.0496, 0.0563, -0.1030
s3e07--41: -0.0128, 0.0361, -0.0719
s3e08--42: 0.0050, 0.0193, -0.1238
s3e09--43: 0.0066, 0.0371, -0.1147
s3e10--44: -0.0117, 0.0553, -0.1635
s3e11--45: 0.0051, 0.0302, -0.1402
s3e12--46: 0.0031, 0.0522, -0.1178
s3e13--47: 0.0065, 0.0233, -0.1201
s3e14--48: 0.0020, 0.0397, -0.1212
s3e15--49: 0.0096, 0.0288, -0.1302
s3e16--50: -0.0002, 0.0172, -0.0785
s3e17--51: -0.0007, 0.0185, -0.0979
s3e18--52: 0.0051, 0.0485, -0.1065
s3e19--53: -0.0085, 0.0414, -0.1361
s3e20--54: 0.0120, 0.0290, -0.1306
s3e21--55: -0.0024, 0.0649, -0.1175
s3e22--56: -0.0067, 0.0441, -0.1130
s4e01--57: 0.0070, 0.0271, -0.0830
s4e02--58: 0.0118, 0.0473, -0.0619
s4e03--59: -0.0011, 0.0403, -0.1123
s4e04--60: 0.0099, 0.0333, -0.1078
s4e05--61: 0.0075, 0.0264, -0.1024
s4e06--62: -0.0100, 0.0330, -0.0924
s4e07--63: -0.0036, 0.0232, -0.0619
s4e08--64: -0.0144, 0.0347, -0.0691
s4e09--65: 0.0085, 0.0203, -0.0988
s4e10--66: 0.0227, 0.0475, -0.1391
s4e11--67: 0.0019, 0.0215, -0.0798
s4e12--68: 0.0004, 0.0461, -0.0379
s4e13--69: 0.0023, 0.0578, -0.1381
s4e14--70: 0.0088, 0.0650, -0.0740
s4e15--71: -0.0181, 0.0191, -0.0924
s4e16--72: None, None, None
s4e17--73: -0.0071, 0.1085, -0.1209
s4e18--74: 0.0074, 0.0676, -0.1201
s4e19--75: -0.0058, 0.0010, -0.0843
s4e20--76: -0.0041, 0.0687, -0.1332
s4e21--77: -0.0157, 0.0840, -0.0296
s4e22--78: 0.0087, 0.0622, -0.1133
s5e01--79: -0.0076, 0.0379, -0.1038
s5e02--80: 0.0108, 0.0560, -0.1046
s5e03--81: 0.0043, 0.0495, -0.1271
s5e04--82: 0.0158, 0.0139, -0.1091
s5e05--83: 0.0103, 0.0531, -0.0871
s5e06--84: 0.0066, 0.0335, -0.1682
s5e07--85: 0.0338, 0.0722, -0.1569
s5e08--86: -0.0013, 0.0041, -0.0734
s5e09--87: 0.0092, 0.0677, -0.0758
s5e10--88: 0.0206, 0.0437, -0.1175
s5e11--89: 0.0007, 0.0314, -0.1122
s5e12--90: 0.0020, 0.0477, -0.1048
s5e13--91: -0.0036, 0.0637, -0.1379
s5e14--92: 0.0047, 0.0682, -0.0791
s5e15--93: 0.0081, 0.0454, -0.1400
s5e16--94: -0.0115, 0.0480, -0.1173
s5e17--95: 0.0081, 0.0134, -0.0890
s5e18--96: 0.0073, 0.0450, -0.1029
s5e19--97: 0.0115, 0.0705, -0.1549
s5e20--98: -0.0282, 0.0623, -0.0993
s5e21--99: 0.0066, 0.0546, -0.1092
s5e22--100: -0.0077, 0.0653, -0.1095
s6e01--101: -0.0020, 0.0312, -0.1254
s6e02--102: -0.0013, 0.0284, -0.1117
s6e03--103: 0.0058, 0.0550, -0.0939
s6e04--104: -0.0143, 0.0662, -0.1299
s6e05--105: -0.0073, 0.0460, -0.0959
s6e06--106: 0.0239, 0.1144, -0.1084
s6e07--107: 0.0133, 0.0417, -0.0977
s6e08--108: 0.0136, 0.0166, -0.1076
s6e09--109: 0.0052, 0.0478, -0.1235
s6e10--110: -0.0018, 0.0276, -0.0850
s6e11--111: 0.0060, -0.0092, -0.1161
s6e12--112: 0.0048, 0.0397, -0.1425
s6e13--113: 0.0261, 0.0329, -0.0888
s6e14--114: 0.0117, 0.0240, -0.1187
s6e15--115: 0.0208, 0.0711, -0.1245
s6e16--116: 0.0049, 0.0186, -0.1401
s6e17--117: 0.0128, 0.0031, -0.0657
s6e18--118: 0.0044, 0.0529, -0.1134
s6e19--119: 0.0192, 0.0223, -0.0902
s6e20--120: -0.0099, 0.0459, -0.0867
s6e21--121: 0.0096, 0.0297, -0.1016
s6e22--122: -0.0017, 0.0382, -0.1147
s7e01--123: -0.0020, 0.0498, -0.1366
s7e02--124: 0.0101, 0.0235, -0.0635
s7e03--125: -0.0187, 0.0058, -0.1533
s7e04--126: 0.0071, 0.0172, -0.0693
s7e05--127: -0.0023, 0.0427, -0.1073
s7e06--128: 0.0024, 0.0411, -0.1434
s7e07--129: None, None, None
s7e08--130: -0.0094, 0.0506, -0.1075
s7e09--131: -0.0158, 0.0188, -0.0780
s7e10--132: -0.0004, 0.0135, -0.0970
s7e11--133: -0.0174, 0.0007, -0.1431
s7e12--134: -0.0020, 0.0801, -0.1301
s7e13--135: -0.0164, 0.0355, -0.1241
s7e14--136: 0.0235, 0.0557, -0.1004
s7e15--137: 0.0037, 0.0446, -0.1042
s7e16--138: -0.0115, 0.0735, -0.1822
s7e17--139: None, None, None
s7e18--140: -0.0086, 0.0680, -0.0840
s7e19--141: -0.0068, -0.0081, -0.1439
s7e20--142: 0.0018, -0.0040, -0.1092
s7e21--143: 0.0094, 0.0168, -0.1235
s7e22--144: 0.0091, -0.0160, -0.1144
